critical_level: 0.0
extreme_level: -3.3819280429031666
warning_level: 4.711213881734051e-05
